[simulation]
capacity = 360.000000
tenant_number = 14
time_interval = 100
error = 0.001000
[traffic]
gaussian = 0
mean = 120.000000
standard_deviation = 40.000000
naughty_mean = 150.000000
naughty_standard_deviation = 10.000000
naughty_tenant_number = 7
[GCRA]
bucket_depth = 285.516035
leakage_rate = 120.000000
tau = 
3083500
l = 16666666
