[simulation]
capacity = 360.000000
tenant_number = 3
time_interval = 100
error = 0.001000
[traffic]
gaussian = 0
mean = 120.000000
standard_deviation = 40.000000
[GCRA]
bucket_depth = 40.000000
leakage_rate = 120.000000
